Class       0   0 0 0 0 0 0   0d0   0   0d0 0 0     0   0 0 0 0 0 0 0 0 0 0 0 0 0 0 0 0 0 0 0 0 0 0 0 0 0 0 0 0 0 0 0 0 0 0 0   0
Barbarian   3   0 1 1 1 1 1   1d12  12  3d6 180 105 1   1	0	0	1	1	0	0	0	0	0	1	0	1	0	0	0	0	0	0	1	0	0	0	0	1	0	0	1	0	0	0	0	1	1	0   4
Bard        0   1 1 1 1 1 1   1d8   8   3d6 180 105 1   1 1 1	1	1	1	0	1	1	0	0	0	1	1	1	1	1	1	1	1	1	1	1	1	1	1	1	0	1	1	1	1	0	0	1   6
Cleric      0   -1 1 1 1 1 1  1d8   8   4d6 240 180 1   0	1	0	0	1	1	0	0	0	0	0	1	0	1	0	0	0	1	0	0	1	1	1	1	0	0	1	0	1	0	1	0	0	0	0   2
Druid       0   -2 1 1 1 1 1  1d8   8   2d6 120 70  1   0	0	0	1	1	0	0	0	0	1	1	1	0	0	0	0	1	0	0	1	0	0	0	0	1	0	1	1	0	0	1	0	1	1	0   4
Fighter     0   1 1 1 1 1 1   1d12  12  5d6 300 175 2   0	0	0	1	1	0	0	0	0	0	1	0	1	0	1	1	0	0	0	0	0	0	0	0	0	0	1	1	0	0	0	0	1	1	0   2
Monk        1   1 0 0 1 1 1   1d8   8   1d6 60  35  1   1 0	0	1	1	0	0	0	1	0	0	0	1	0	0	0	0	1	0	0	0	0	1	0	1	1	1	1	1	0	0	1	0	1	0   4
Paladin     2   1 0 0 1 0 0   1d10  10  5d6 300 175 1   0	0	0	0	1	1	0	0	0	0	1	1	0	0	0	0	0	0	0	0	1	0	1	0	0	0	1	1	1	0	1	0	0	0	0   2
Ranger      0   1 1 1 1 1 1   1d10  10  5d6 300 175 1   0	0	0	1	1	0	0	0	0	0	1	1	1	0	1	0	1	0	0	1	0	0	0	0	1	0	1	1	0	0	1	1	1	1	0   6
Rogue       0   1 1 1 1 1 1   1d8   8   4d6 240 180 1   1	1	1	1	1	1	1	1	1	0	0	0	1	0	1	0	0	0	1	0	0	0	0	1	1	1	1	0	1	1	0	1	0	1	1   8
Sorcerer    0   1 1 1 1 1 1   1d6   6   2d6 120 70  1   0	0	0	0	1	0	0	0	0	1	1	0	0	1	1	1	1	1	1	1	1	1	1	1	0	0	1	1	0	0	1	0	0	0	1   2
Wizard      0   1 1 1 1 1 1   1d6   6   2d6 120 70  1   0	1	0	0	1	0	0	0	0	1	0	0	0	1	1	1	1	1	1	1	1	1	1	1	0	0	1	0	0	0	1	0	0	0	0   2
